X1 1 1 4 0 0 0.000000
X2 1 2 4 0 0 0.000000
X3 1 3 4 0 0 0.000000
X4 1 5 4 0 0 0.000000
X3 1 4 4 0 0 0.000000
X5 1 5 4 0 0 0.000000
X3 1 5 1 0 0 0.000000
X3 2 5 4 0 0 0.000000
X3 1 5 2 0 0 0.000000
X3 3 5 4 0 0 0.000000
X3 1 5 3 0 0 0.000000
X3 4 5 4 0 0 0.000000
3 1 5 4 1 1.000000
X2 1 2 1 0 0 0.000000
X2 2 2 4 0 0 0.000000
X2 1 2 2 0 0 0.000000
X2 3 2 4 0 0 0.000000
X2 1 2 3 0 0 0.000000
X2 4 2 4 0 0 0.000000
2 1 2 4 1 116.000000
X3 1 5 4 0 0 0.000000
X2 1 3 4 0 0 0.000000
X4 1 4 4 0 0 0.000000
X4 1 5 1 0 0 0.000000
X4 2 5 4 0 0 0.000000
X4 1 5 2 0 0 0.000000
X4 3 5 4 0 0 0.000000
X4 1 5 3 0 0 0.000000
X4 4 5 4 0 0 0.000000
4 1 5 4 1 162.000000
X2 1 3 1 0 0 0.000000
X2 2 3 4 0 0 0.000000
X2 1 3 2 0 0 0.000000
X2 3 3 4 0 0 0.000000
X2 1 3 3 0 0 0.000000
X2 4 3 4 0 0 0.000000
2 1 3 4 1 13.000000
X2 1 4 4 0 0 0.000000
X5 1 5 1 0 0 0.000000
X5 2 5 4 0 0 0.000000
X5 1 5 2 0 0 0.000000
X5 3 5 4 0 0 0.000000
X5 1 5 3 0 0 0.000000
X5 4 5 4 0 0 0.000000
5 1 5 4 1 313.000000
X2 1 4 1 0 0 0.000000
X2 2 4 4 0 0 0.000000
X2 1 4 2 0 0 0.000000
X2 3 4 4 0 0 0.000000
X2 1 4 3 0 0 0.000000
X2 4 4 4 0 0 0.000000
2 1 4 4 1 104.000000
X2 1 5 1 0 0 0.000000
X2 2 5 2 0 0 0.000000
X2 3 5 4 0 0 0.000000
X2 2 5 3 0 0 0.000000
X2 4 5 4 0 0 0.000000
2 2 5 4 1 10.000000
2 1 5 1 1 101.000000
X2 2 5 4 0 0 0.000000
X2 1 5 2 0 0 0.000000
X2 3 5 3 0 0 0.000000
2 3 5 4 1 100.000000
2 1 5 2 1 41.000000
X2 1 5 3 0 0 0.000000
2 4 5 4 1 244.000000
2 1 5 3 1 41.000000
2 1 5 4 2 5.000000
X1 1 1 1 0 0 0.000000
X1 2 1 4 0 0 0.000000
X1 1 1 2 0 0 0.000000
X1 3 1 4 0 0 0.000000
X1 1 1 3 0 0 0.000000
X1 4 1 4 0 0 0.000000
1 1 1 4 1 149.000000
2 1 5 4 1 221.000000
X1 2 1 2 0 0 0.000000
X1 2 1 3 0 0 0.000000
1 2 1 4 1 181.000000
1 1 1 1 1 1000000000.000000
X1 3 1 3 0 0 0.000000
1 3 1 4 1 244.000000
1 1 1 2 1 365.000000
1 4 1 4 1 1000000000.000000
1 1 1 3 1 265.000000
1 1 1 4 2 365.000000
X2 1 5 4 0 0 0.000000
X1 1 2 4 0 0 0.000000
X3 1 3 1 0 0 0.000000
X3 2 3 4 0 0 0.000000
X3 1 3 2 0 0 0.000000
X3 3 3 4 0 0 0.000000
X3 1 3 3 0 0 0.000000
X3 4 3 4 0 0 0.000000
3 1 3 4 1 85.000000
X3 1 4 1 0 0 0.000000
X3 2 4 4 0 0 0.000000
X3 1 4 2 0 0 0.000000
X3 3 4 4 0 0 0.000000
X3 1 4 3 0 0 0.000000
X3 4 4 4 0 0 0.000000
3 1 4 4 1 20.000000
X3 2 5 2 0 0 0.000000
X3 2 5 3 0 0 0.000000
3 2 5 4 1 113.000000
3 1 5 1 1 136.000000
X3 3 5 3 0 0 0.000000
3 3 5 4 1 202.000000
3 1 5 2 1 85.000000
3 4 5 4 1 265.000000
3 1 5 3 1 40.000000
3 1 5 4 2 89.000000
X1 1 2 1 0 0 0.000000
X1 2 2 4 0 0 0.000000
X1 1 2 2 0 0 0.000000
X1 3 2 4 0 0 0.000000
X1 1 2 3 0 0 0.000000
X1 4 2 4 0 0 0.000000
1 1 2 4 1 1.000000
X1 2 2 2 0 0 0.000000
X1 2 2 3 0 0 0.000000
1 2 2 4 1 18.000000
1 1 2 1 1 317.000000
X1 3 2 3 0 0 0.000000
1 3 2 4 1 130.000000
1 1 2 2 1 117.000000
1 4 2 4 1 325.000000
1 1 2 3 1 50.000000
1 1 2 4 2 99.000000
X1 1 3 4 0 0 0.000000
X4 1 4 1 0 0 0.000000
X4 2 4 4 0 0 0.000000
X4 1 4 2 0 0 0.000000
X4 3 4 4 0 0 0.000000
X4 1 4 3 0 0 0.000000
X4 4 4 4 0 0 0.000000
4 1 4 4 1 313.000000
X4 2 5 2 0 0 0.000000
X4 2 5 3 0 0 0.000000
4 2 5 4 1 288.000000
4 1 5 1 1 340.000000
X4 3 5 3 0 0 0.000000
4 3 5 4 1 313.000000
4 1 5 2 1 317.000000
4 4 5 4 1 394.000000
4 1 5 3 1 244.000000
4 1 5 4 2 388.000000
X1 1 3 1 0 0 0.000000
X1 2 3 4 0 0 0.000000
X1 1 3 2 0 0 0.000000
X1 3 3 4 0 0 0.000000
X1 1 3 3 0 0 0.000000
X1 4 3 4 0 0 0.000000
1 1 3 4 1 250.000000
X1 2 3 2 0 0 0.000000
X1 2 3 3 0 0 0.000000
1 2 3 4 1 29.000000
1 1 3 1 1 117.000000
X1 3 3 3 0 0 0.000000
1 3 3 4 1 61.000000
1 1 3 2 1 5.000000
1 4 3 4 1 200.000000
1 1 3 3 1 50.000000
1 1 3 4 2 10.000000
X1 1 4 4 0 0 0.000000
X5 2 5 2 0 0 0.000000
X5 2 5 3 0 0 0.000000
5 2 5 4 1 421.000000
5 1 5 1 1 1000000000.000000
X5 3 5 3 0 0 0.000000
5 3 5 4 1 450.000000
5 1 5 2 1 369.000000
5 4 5 4 1 1000000000.000000
5 1 5 3 1 340.000000
5 1 5 4 2 565.000000
X1 1 4 1 0 0 0.000000
X1 2 4 4 0 0 0.000000
X1 1 4 2 0 0 0.000000
X1 3 4 4 0 0 0.000000
X1 1 4 3 0 0 0.000000
X1 4 4 4 0 0 0.000000
1 1 4 4 1 389.000000
X1 2 4 2 0 0 0.000000
X1 2 4 3 0 0 0.000000
1 2 4 4 1 82.000000
1 1 4 1 1 97.000000
X1 3 4 3 0 0 0.000000
1 3 4 4 1 26.000000
1 1 4 2 1 1.000000
1 4 4 4 1 145.000000
1 1 4 3 1 90.000000
1 1 4 4 2 91.000000
X1 1 5 1 0 0 0.000000
X1 2 5 2 0 0 0.000000
X1 3 5 3 0 0 0.000000
X1 4 5 4 0 0 0.000000
1 3 5 4 1 16.000000
1 2 5 2 1 157.000000
X1 3 5 4 0 0 0.000000
X1 2 5 3 0 0 0.000000
1 4 5 4 1 130.000000
1 2 5 3 1 17.000000
1 2 5 4 2 17.000000
1 1 5 1 1 81.000000
1 2 5 4 1 101.000000
1 1 5 1 2 217.000000
X1 2 5 4 0 0 0.000000
X1 1 5 2 0 0 0.000000
1 3 5 3 1 208.000000
1 3 5 4 2 136.000000
1 1 5 2 1 26.000000
1 1 5 2 2 82.000000
X1 1 5 3 0 0 0.000000
1 4 5 4 2 344.000000
1 1 5 3 1 164.000000
1 1 5 3 2 42.000000
1 1 5 4 3 2.000000
0.71
