X1 1 1 4 0 2.250000
X2 1 2 4 0 2.250000
X3 1 3 4 0 6.250000
X4 1 5 4 0 6.250000
X3 1 4 4 0 90.250000
X5 1 5 4 0 90.250000
X3 1 5 1 0 0.250000
X3 2 5 4 0 0.250000
X3 1 5 2 0 20.250000
X3 3 5 4 0 20.250000
X3 1 5 3 0 56.250000
X3 4 5 4 0 56.250000
3 1 5 4 1 0.500000
X2 1 2 1 0 132.250000
X2 2 2 4 0 12.250000
X2 1 2 2 0 20.250000
X2 3 2 4 0 110.250000
X2 1 2 3 0 0.250000
X2 4 2 4 0 240.250000
2 1 2 4 1 130.500000
X3 1 5 4 0 272.250000
X2 1 3 4 0 420.250000
X4 1 4 4 0 90.250000
X4 1 5 1 0 110.250000
X4 2 5 4 0 72.250000
X4 1 5 2 0 90.250000
X4 3 5 4 0 90.250000
X4 1 5 3 0 42.250000
X4 4 5 4 0 156.250000
4 1 5 4 1 180.500000
X2 1 3 1 0 2.250000
X2 2 3 4 0 30.250000
X2 1 3 2 0 90.250000
X2 3 3 4 0 30.250000
X2 1 3 3 0 210.250000
X2 4 3 4 0 110.250000
2 1 3 4 1 8.500000
X2 1 4 4 0 756.250000
X5 1 5 1 0 156.250000
X5 2 5 4 0 182.250000
X5 1 5 2 0 132.250000
X5 3 5 4 0 210.250000
X5 1 5 3 0 110.250000
X5 4 5 4 0 240.250000
5 1 5 4 1 338.500000
X2 1 4 1 0 0.250000
X2 2 4 4 0 110.250000
X2 1 4 2 0 132.250000
X2 3 4 4 0 0.250000
X2 1 4 3 0 342.250000
X2 4 4 4 0 56.250000
2 1 4 4 1 92.500000
X2 1 5 1 0 20.250000
X2 2 5 2 0 20.250000
X2 3 5 4 0 2.250000
X2 2 5 3 0 12.250000
X2 4 5 4 0 42.250000
2 2 5 4 1 12.500000
2 1 5 1 1 112.500000
X2 2 5 4 0 182.250000
X2 1 5 2 0 272.250000
X2 3 5 3 0 72.250000
2 3 5 4 1 114.500000
2 1 5 2 1 40.500000
X2 1 5 3 0 600.250000
2 4 5 4 1 266.500000
2 1 5 3 1 32.500000
2 1 5 4 2 2.750000
X1 1 1 1 0 210.250000
X1 2 1 4 0 12.250000
X1 1 1 2 0 132.250000
X1 3 1 4 0 42.250000
X1 1 1 3 0 56.250000
X1 4 1 4 0 110.250000
1 1 1 4 1 166.500000
2 1 5 4 1 202.500000
X1 2 1 2 0 182.250000
X1 2 1 3 0 90.250000
1 2 1 4 1 200.500000
1 1 1 1 1 1000000000.000000
X1 3 1 3 0 156.250000
1 3 1 4 1 266.500000
1 1 1 2 1 392.500000
1 4 1 4 1 1000000000.000000
1 1 1 3 1 288.500000
1 1 1 4 2 398.750000
X2 1 5 4 0 1190.250000
X1 1 2 4 0 272.250000
X3 1 3 1 0 42.250000
X3 2 3 4 0 56.250000
X3 1 3 2 0 6.250000
X3 3 3 4 0 132.250000
X3 1 3 3 0 6.250000
X3 4 3 4 0 132.250000
3 1 3 4 1 98.500000
X3 1 4 1 0 20.250000
X3 2 4 4 0 6.250000
X3 1 4 2 0 0.250000
X3 3 4 4 0 42.250000
X3 1 4 3 0 2.250000
X3 4 4 4 0 72.250000
3 1 4 4 1 26.500000
X3 2 5 2 0 132.250000
X3 2 5 3 0 72.250000
3 2 5 4 1 128.500000
3 1 5 1 1 152.500000
X3 3 5 3 0 182.250000
3 3 5 4 1 222.500000
3 1 5 2 1 96.500000
3 4 5 4 1 288.500000
3 1 5 3 1 48.500000
3 1 5 4 2 104.750000
X1 1 2 1 0 90.250000
X1 2 2 4 0 90.250000
X1 1 2 2 0 0.250000
X1 3 2 4 0 0.250000
X1 1 2 3 0 90.250000
X1 4 2 4 0 90.250000
1 1 2 4 1 0.500000
X1 2 2 2 0 42.250000
X1 2 2 3 0 6.250000
1 2 2 4 1 24.500000
1 1 2 1 1 342.500000
X1 3 2 3 0 56.250000
1 3 2 4 1 146.500000
1 1 2 2 1 132.500000
1 4 2 4 1 350.500000
1 1 2 3 1 56.500000
1 1 2 4 2 114.750000
X1 1 3 4 0 1260.250000
X4 1 4 1 0 210.250000
X4 2 4 4 0 132.250000
X4 1 4 2 0 210.250000
X4 3 4 4 0 132.250000
X4 1 4 3 0 156.250000
X4 4 4 4 0 182.250000
4 1 4 4 1 338.500000
X4 2 5 2 0 240.250000
X4 2 5 3 0 156.250000
4 2 5 4 1 312.500000
4 1 5 1 1 366.500000
X4 3 5 3 0 182.250000
4 3 5 4 1 338.500000
4 1 5 2 1 342.500000
4 4 5 4 1 422.500000
4 1 5 3 1 266.500000
4 1 5 4 2 422.750000
X1 1 3 1 0 0.250000
X1 2 3 4 0 342.250000
X1 1 3 2 0 210.250000
X1 3 3 4 0 20.250000
X1 1 3 3 0 552.250000
X1 4 3 4 0 20.250000
1 1 3 4 1 230.500000
X1 2 3 2 0 6.250000
X1 2 3 3 0 42.250000
1 2 3 4 1 26.500000
1 1 3 1 1 132.500000
X1 3 3 3 0 56.250000
1 3 3 4 1 72.500000
1 1 3 2 1 6.500000
1 4 3 4 1 220.500000
1 1 3 3 1 42.500000
1 1 3 4 2 6.750000
X1 1 4 4 0 1806.250000
X5 2 5 2 0 240.250000
X5 2 5 3 0 210.250000
5 2 5 4 1 450.500000
5 1 5 1 1 1000000000.000000
X5 3 5 3 0 240.250000
5 3 5 4 1 480.500000
5 1 5 2 1 396.500000
5 4 5 4 1 1000000000.000000
5 1 5 3 1 366.500000
5 1 5 4 2 606.750000
X1 1 4 1 0 6.250000
X1 2 4 4 0 552.250000
X1 1 4 2 0 272.250000
X1 3 4 4 0 90.250000
X1 1 4 3 0 756.250000
X1 4 4 4 0 2.250000
1 1 4 4 1 362.500000
X1 2 4 2 0 6.250000
X1 2 4 3 0 72.250000
1 2 4 4 1 74.500000
1 1 4 1 1 110.500000
X1 3 4 3 0 30.250000
1 3 4 4 1 32.500000
1 1 4 2 1 0.500000
1 4 4 4 1 162.500000
1 1 4 3 1 78.500000
1 1 4 4 2 80.750000
X1 1 5 1 0 42.250000
X1 2 5 2 0 2.250000
X1 3 5 3 0 20.250000
X1 4 5 4 0 0.250000
1 3 5 4 1 20.500000
1 2 5 2 1 174.500000
X1 3 5 4 0 132.250000
X1 2 5 3 0 110.250000
1 4 5 4 1 146.500000
1 2 5 3 1 22.500000
1 2 5 4 2 22.750000
1 1 5 1 1 90.500000
1 2 5 4 1 90.500000
1 1 5 1 2 242.750000
X1 2 5 4 0 702.250000
X1 1 5 2 0 462.250000
1 3 5 3 1 228.500000
1 3 5 4 2 156.750000
1 1 5 2 1 20.500000
1 1 5 2 2 92.750000
X1 1 5 3 0 1122.250000
1 4 5 4 2 376.750000
1 1 5 3 1 146.500000
1 1 5 3 2 40.750000
1 1 5 4 3 1.000000
0.50